# Stereo calibration — IMX219-83  RMS=0.5916 sq=28.5mm
image_width: 1280
image_height: 720

left:
  distortion_model: rational_poly
  camera_matrix:
    rows: 3
    cols: 3
    data: [1045.81110197, 0.00000000, 656.53993521, 0.00000000, 1046.28091440, 370.48446720, 0.00000000, 0.00000000, 1.00000000]
  distortion_coefficients:
    rows: 1
    cols: 14
    data: [9.14972805, 73.49057039, 0.00185228, -0.00282039, -309.99282997, 9.30366917, 70.66972656, -303.19212692, 0.00000000, 0.00000000, 0.00000000, 0.00000000, 0.00000000, 0.00000000]
  rectification_matrix:
    rows: 3
    cols: 3
    data: [0.99995387, -0.00155198, -0.00947924, 0.00150288, 0.99998543, -0.00518453, 0.00948715, 0.00517005, 0.99994163]
  projection_matrix:
    rows: 3
    cols: 4
    data: [1133.30351399, 0.00000000, 654.69132996, 0.00000000, 0.00000000, 1133.30351399, 362.17809677, 0.00000000, 0.00000000, 0.00000000, 1.00000000, 0.00000000]

right:
  distortion_model: rational_poly
  camera_matrix:
    rows: 3
    cols: 3
    data: [1056.67161822, 0.00000000, 629.46945910, 0.00000000, 1056.81383797, 349.82870547, 0.00000000, 0.00000000, 1.00000000]
  distortion_coefficients:
    rows: 1
    cols: 14
    data: [60.02322186, -90.29772177, 0.00360640, 0.00203370, 340.45247830, 60.24921272, -94.97845768, 341.27501468, 0.00000000, 0.00000000, 0.00000000, 0.00000000, 0.00000000, 0.00000000]
  rectification_matrix:
    rows: 3
    cols: 3
    data: [0.99997026, 0.00064947, -0.00768488, -0.00060967, 0.99998640, 0.00517973, 0.00768814, -0.00517489, 0.99995706]
  projection_matrix:
    rows: 3
    cols: 4
    data: [1133.30351399, 0.00000000, 654.69132996, -79336.27332901, 0.00000000, 1133.30351399, 362.17809677, 0.00000000, 0.00000000, 0.00000000, 1.00000000, 0.00000000]

stereo:
  R:
    rows: 3
    cols: 3
    data: [0.99999615, -0.00212184, -0.00178811, 0.00210320, 0.99994407, -0.01036520, 0.00181000, 0.01036140, 0.99994468]
  T:
    rows: 3
    cols: 1
    data: [-70.00235408, -0.04546547, 0.53797583]
  Q:
    rows: 4
    cols: 4
    data: [1.00000000, 0.00000000, 0.00000000, -654.69132996, 0.00000000, 1.00000000, 0.00000000, -362.17809677, 0.00000000, 0.00000000, 0.00000000, 1133.30351399, 0.00000000, 0.00000000, 0.01428481, -0.00000000]
